,readable,energies
0,0.07 0.15 0.015 0.2 0.32 0.245,1.7837013006210327
1,0.755 0.01 0.22 0.0 0.0 0.015,1.7888327836990356
2,0.36 0.08 0.185 0.275 0.06 0.04,1.8332217931747437
3,0.535 0.065 0.19 0.155 0.045 0.01,1.8086751699447632
4,0.025 0.105 0.045 0.175 0.115 0.535,1.7076866626739502
5,0.01 0.06 0.06 0.235 0.505 0.13,1.8865807056427002
6,0.155 0.025 0.05 0.085 0.2 0.485,1.6837204694747925
7,0.0 0.165 0.05 0.005 0.025 0.755,1.6270421743392944
8,0.0 0.13 0.07 0.065 0.125 0.61,1.6644212007522583
9,0.02 0.015 0.1 0.135 0.075 0.655,1.693519115447998
10,0.505 0.035 0.345 0.095 0.015 0.005,1.8038243055343628
11,0.03 0.215 0.21 0.41 0.045 0.09,1.902154564857483
12,0.04 0.725 0.015 0.145 0.02 0.055,1.8084608316421509
13,0.03 0.15 0.105 0.295 0.01 0.41,1.7792942523956299
14,0.065 0.605 0.165 0.16 0.0 0.005,1.804397702217102
15,0.075 0.255 0.235 0.05 0.035 0.35,1.7005925178527832
16,0.275 0.375 0.04 0.11 0.13 0.07,1.7742401361465454
17,0.115 0.09 0.06 0.01 0.165 0.56,1.6481090784072876
18,0.17 0.115 0.095 0.25 0.28 0.09,1.845853567123413
19,0.74 0.11 0.025 0.1 0.015 0.01,1.8021076917648315
20,0.0 0.365 0.185 0.0 0.345 0.105,1.760661005973816
21,0.28 0.12 0.13 0.105 0.025 0.34,1.7041815519332886
22,0.28 0.075 0.15 0.1 0.235 0.16,1.7679781913757324
23,0.3 0.01 0.18 0.09 0.305 0.115,1.799013614654541
24,0.08 0.005 0.02 0.33 0.095 0.47,1.7711035013198853
25,0.265 0.01 0.015 0.075 0.285 0.35,1.7206255197525024
26,0.14 0.14 0.04 0.645 0.01 0.025,2.0012495517730713
27,0.075 0.115 0.05 0.565 0.125 0.07,1.9697890281677246
28,0.24 0.0 0.11 0.02 0.16 0.47,1.6730138063430786
29,0.035 0.005 0.095 0.24 0.5 0.125,1.8987305164337158
30,0.105 0.05 0.02 0.13 0.115 0.58,1.6742357015609741
31,0.055 0.185 0.245 0.21 0.225 0.08,1.8348935842514038
32,0.185 0.085 0.49 0.02 0.06 0.16,1.7714184522628784
33,0.24 0.175 0.315 0.105 0.06 0.105,1.764561653137207
34,0.125 0.31 0.05 0.285 0.225 0.005,1.8692572116851807
35,0.61 0.265 0.005 0.04 0.0 0.08,1.7518495321273804
36,0.06 0.12 0.385 0.195 0.14 0.1,1.8332699537277222
37,0.175 0.155 0.39 0.155 0.01 0.115,1.788935661315918
38,0.09 0.04 0.02 0.48 0.04 0.33,1.8613570928573608
39,0.01 0.03 0.035 0.17 0.275 0.48,1.7330021858215332
40,0.305 0.21 0.47 0.015 0.0 0.0,1.7671725749969482
41,0.01 0.17 0.44 0.35 0.005 0.025,1.9076772928237915
42,0.03 0.05 0.24 0.18 0.405 0.095,1.8742091655731201
43,0.16 0.195 0.075 0.09 0.075 0.405,1.6895447969436646
44,0.115 0.325 0.145 0.115 0.21 0.09,1.7776129245758057
45,0.065 0.455 0.115 0.01 0.175 0.18,1.7117571830749512
46,0.015 0.155 0.005 0.08 0.065 0.68,1.6428226232528687
47,0.225 0.0 0.005 0.28 0.235 0.255,1.8001525402069092
48,0.255 0.02 0.125 0.22 0.035 0.345,1.745228886604309
49,0.145 0.07 0.4 0.2 0.06 0.125,1.8141894340515137
50,0.025 0.02 0.225 0.18 0.055 0.495,1.7411686182022095
51,0.095 0.4 0.465 0.02 0.0 0.02,1.7615671157836914
52,0.105 0.035 0.56 0.06 0.195 0.045,1.8672165870666504
53,0.135 0.065 0.095 0.03 0.05 0.625,1.642011046409607
54,0.135 0.07 0.295 0.145 0.135 0.22,1.7737587690353394
55,0.92 0.065 0.005 0.0 0.01 0.0,1.8038151264190674
56,0.21 0.225 0.06 0.14 0.045 0.32,1.7199684381484985
57,0.22 0.165 0.105 0.46 0.02 0.03,1.9103820323944092
58,0.305 0.14 0.0 0.005 0.06 0.49,1.6377936601638794
59,0.2 0.16 0.08 0.385 0.145 0.03,1.8953025341033936
60,0.04 0.24 0.12 0.195 0.16 0.245,1.7749894857406616
61,0.235 0.01 0.01 0.6 0.05 0.095,1.9600993394851685
62,0.665 0.125 0.095 0.09 0.015 0.01,1.7887288331985474
63,0.045 0.115 0.005 0.75 0.015 0.07,2.059467077255249
64,0.2 0.035 0.145 0.07 0.24 0.31,1.733031153678894
65,0.085 0.065 0.055 0.375 0.285 0.135,1.8893412351608276
66,0.065 0.2 0.135 0.295 0.28 0.025,1.8860561847686768
67,0.005 0.4 0.005 0.19 0.06 0.34,1.7501496076583862
68,0.13 0.155 0.1 0.205 0.33 0.08,1.8392730951309204
69,0.085 0.43 0.445 0.015 0.01 0.015,1.7581990957260132
70,0.045 0.125 0.09 0.065 0.545 0.13,1.8422185182571411
71,0.215 0.145 0.03 0.08 0.01 0.52,1.6588610410690308
72,0.045 0.16 0.025 0.42 0.08 0.27,1.8558231592178345
73,0.245 0.645 0.05 0.01 0.015 0.035,1.741174340248108
74,0.025 0.055 0.3 0.505 0.115 0.0,1.9815466403961182
75,0.12 0.0 0.035 0.135 0.015 0.695,1.6606968641281128
76,0.215 0.12 0.505 0.07 0.02 0.07,1.789465308189392
77,0.2 0.045 0.425 0.155 0.03 0.145,1.7955405712127686
78,0.035 0.125 0.02 0.0 0.055 0.765,1.617862582206726
79,0.065 0.115 0.035 0.385 0.19 0.21,1.861986517906189
80,0.05 0.125 0.105 0.225 0.25 0.245,1.7912856340408325
81,0.115 0.005 0.055 0.43 0.065 0.33,1.8403706550598145
82,0.015 0.02 0.085 0.14 0.36 0.38,1.768173336982727
83,0.225 0.005 0.24 0.07 0.43 0.03,1.8550442457199097
84,0.28 0.01 0.045 0.03 0.31 0.325,1.72348153591156
85,0.22 0.025 0.4 0.25 0.065 0.04,1.849133014678955
86,0.175 0.15 0.11 0.035 0.145 0.385,1.6765977144241333
87,0.015 0.19 0.265 0.04 0.17 0.32,1.724577784538269
88,0.485 0.16 0.04 0.03 0.08 0.205,1.711633563041687
89,0.39 0.0 0.09 0.34 0.14 0.04,1.8688600063323975
90,0.115 0.2 0.035 0.1 0.265 0.285,1.7287389039993286
91,0.295 0.01 0.02 0.55 0.005 0.12,1.9227721691131592
92,0.13 0.315 0.29 0.115 0.045 0.105,1.7679481506347656
93,0.005 0.8 0.055 0.06 0.04 0.04,1.7989895343780518
94,0.025 0.045 0.25 0.045 0.505 0.13,1.8723955154418945
95,0.105 0.34 0.105 0.135 0.255 0.06,1.7965043783187866
96,0.005 0.03 0.045 0.175 0.205 0.54,1.7228398323059082
97,0.325 0.28 0.27 0.095 0.015 0.015,1.7713011503219604
98,0.06 0.035 0.4 0.03 0.43 0.045,1.8958345651626587
99,0.125 0.02 0.525 0.045 0.23 0.055,1.8583475351333618
100,0.245 0.09 0.265 0.25 0.125 0.025,1.843641996383667
101,0.185 0.23 0.18 0.04 0.1 0.265,1.7000967264175415
102,0.36 0.195 0.395 0.01 0.03 0.01,1.7646139860153198
103,0.06 0.04 0.045 0.0 0.11 0.745,1.6327584981918335
104,0.1 0.135 0.02 0.18 0.49 0.075,1.859671950340271
105,0.1 0.24 0.27 0.015 0.18 0.195,1.7300642728805542
106,0.015 0.0 0.09 0.02 0.035 0.84,1.6501845121383667
107,0.035 0.275 0.01 0.405 0.235 0.04,1.921478033065796
108,0.215 0.0 0.155 0.265 0.335 0.03,1.8872230052947998
109,0.11 0.155 0.06 0.04 0.115 0.52,1.653960943222046
110,0.015 0.105 0.215 0.465 0.17 0.03,1.9569202661514282
111,0.815 0.08 0.01 0.095 0.0 0.0,1.8137465715408325
112,0.02 0.005 0.37 0.065 0.0 0.54,1.7360018491744995
113,0.035 0.32 0.195 0.13 0.31 0.01,1.8295410871505737
114,0.01 0.065 0.235 0.37 0.025 0.295,1.8488084077835083
115,0.205 0.39 0.03 0.21 0.165 0.0,1.8310608863830566
116,0.215 0.195 0.045 0.12 0.005 0.42,1.692078709602356
117,0.005 0.135 0.15 0.08 0.195 0.435,1.708871841430664
118,0.045 0.215 0.225 0.175 0.065 0.275,1.7655941247940063
119,0.065 0.0 0.005 0.355 0.075 0.5,1.7749980688095093
120,0.085 0.5 0.005 0.155 0.16 0.095,1.7899200916290283
121,0.12 0.24 0.065 0.02 0.085 0.47,1.6540862321853638
122,0.02 0.18 0.045 0.0 0.26 0.495,1.660933017730713
123,0.03 0.09 0.405 0.305 0.06 0.11,1.8745969533920288
124,0.265 0.295 0.095 0.055 0.105 0.185,1.7234236001968384
125,0.115 0.015 0.125 0.715 0.005 0.025,2.0404107570648193
126,0.1 0.085 0.245 0.195 0.09 0.285,1.7684299945831299
127,0.265 0.04 0.305 0.105 0.22 0.065,1.8093541860580444
128,0.05 0.235 0.05 0.135 0.285 0.245,1.7533115148544312
129,0.12 0.14 0.35 0.255 0.075 0.06,1.845446228981018
130,0.065 0.14 0.245 0.1 0.32 0.13,1.8002128601074219
131,0.05 0.175 0.075 0.13 0.055 0.515,1.6927833557128906
132,0.47 0.03 0.065 0.43 0.005 0.0,1.8931716680526733
133,0.18 0.07 0.075 0.025 0.055 0.595,1.638696312904358
134,0.0 0.035 0.455 0.085 0.02 0.405,1.7695996761322021
135,0.075 0.145 0.56 0.105 0.105 0.01,1.848666787147522
136,0.205 0.045 0.66 0.015 0.045 0.03,1.8382426500320435
137,0.05 0.595 0.235 0.09 0.015 0.015,1.7729989290237427
138,0.08 0.28 0.24 0.21 0.07 0.12,1.8032163381576538
139,0.01 0.025 0.145 0.145 0.01 0.665,1.6966519355773926
140,0.04 0.025 0.05 0.11 0.18 0.595,1.6924957036972046
141,0.295 0.1 0.06 0.015 0.215 0.315,1.6968976259231567
142,0.02 0.05 0.425 0.005 0.15 0.35,1.7640553712844849
143,0.32 0.075 0.355 0.11 0.125 0.015,1.8064210414886475
144,0.17 0.405 0.13 0.055 0.11 0.13,1.7372485399246216
145,0.0 0.235 0.12 0.295 0.23 0.12,1.8581304550170898
146,0.11 0.645 0.04 0.125 0.025 0.055,1.7769198417663574
147,0.175 0.19 0.485 0.135 0.0 0.015,1.8092975616455078
148,0.055 0.005 0.15 0.045 0.0 0.745,1.6657230854034424
149,0.08 0.075 0.445 0.08 0.205 0.115,1.8241997957229614
150,0.09 0.04 0.08 0.455 0.085 0.25,1.8766857385635376
151,0.235 0.09 0.215 0.115 0.165 0.18,1.7605855464935303
152,0.005 0.03 0.12 0.01 0.235 0.6,1.6865921020507812
153,0.01 0.09 0.18 0.41 0.06 0.25,1.8724231719970703
154,0.02 0.04 0.16 0.25 0.51 0.02,1.9385441541671753
155,0.23 0.075 0.11 0.065 0.245 0.275,1.7315247058868408
156,0.02 0.015 0.025 0.01 0.045 0.885,1.6320945024490356
157,0.14 0.025 0.235 0.055 0.245 0.3,1.7457090616226196
158,0.1 0.115 0.12 0.135 0.48 0.05,1.863807201385498
159,0.06 0.0 0.19 0.075 0.06 0.615,1.6926119327545166
160,0.145 0.165 0.11 0.245 0.095 0.24,1.7823493480682373
161,0.07 0.27 0.25 0.03 0.335 0.045,1.793808102607727
162,0.245 0.06 0.08 0.485 0.015 0.115,1.8988852500915527
163,0.0 0.035 0.07 0.875 0.005 0.015,2.14551043510437
164,0.065 0.11 0.54 0.12 0.14 0.025,1.8628872632980347
165,0.185 0.13 0.075 0.425 0.13 0.055,1.9056483507156372
166,0.135 0.13 0.015 0.305 0.125 0.29,1.7930693626403809
167,0.11 0.09 0.15 0.23 0.1 0.32,1.7681419849395752
168,0.205 0.17 0.055 0.56 0.0 0.01,1.9571292400360107
169,0.105 0.13 0.21 0.04 0.475 0.04,1.8507672548294067
170,0.195 0.165 0.255 0.155 0.055 0.175,1.763595700263977
171,0.225 0.23 0.25 0.14 0.07 0.085,1.7761026620864868
172,0.005 0.025 0.23 0.325 0.16 0.255,1.8476042747497559
173,0.1 0.06 0.285 0.02 0.025 0.51,1.687808871269226
174,0.175 0.01 0.1 0.105 0.075 0.535,1.68020498752594
175,0.055 0.02 0.02 0.24 0.22 0.445,1.7454307079315186
176,0.02 0.595 0.05 0.14 0.03 0.165,1.764866828918457
177,0.12 0.16 0.41 0.04 0.025 0.245,1.7382134199142456
178,0.025 0.05 0.1 0.08 0.355 0.39,1.7424089908599854
179,0.22 0.355 0.06 0.04 0.035 0.29,1.6900715827941895
180,0.075 0.16 0.105 0.06 0.055 0.545,1.662481427192688
181,0.18 0.125 0.105 0.115 0.02 0.455,1.6916228532791138
182,0.09 0.03 0.29 0.095 0.21 0.285,1.76716148853302
183,0.16 0.155 0.015 0.355 0.065 0.25,1.8171027898788452
184,0.005 0.015 0.105 0.325 0.48 0.07,1.9368762969970703
185,0.09 0.06 0.24 0.105 0.02 0.485,1.7053171396255493
186,0.035 0.145 0.47 0.065 0.175 0.11,1.8148726224899292
187,0.095 0.5 0.195 0.16 0.01 0.04,1.7925869226455688
188,0.2 0.425 0.055 0.26 0.045 0.015,1.835110068321228
189,0.11 0.225 0.215 0.215 0.06 0.175,1.7914408445358276
190,0.27 0.015 0.05 0.045 0.345 0.275,1.744874119758606
191,0.26 0.065 0.06 0.075 0.045 0.495,1.6615052223205566
192,0.23 0.155 0.32 0.04 0.025 0.23,1.7182568311691284
193,0.295 0.425 0.25 0.005 0.015 0.01,1.7368247509002686
194,0.54 0.06 0.16 0.015 0.205 0.02,1.7822757959365845
195,0.065 0.065 0.63 0.1 0.085 0.055,1.871282935142517
196,0.0 0.155 0.05 0.015 0.115 0.665,1.6386687755584717
197,0.195 0.735 0.02 0.0 0.02 0.03,1.752163052558899
198,0.37 0.06 0.015 0.53 0.015 0.01,1.9392776489257812
199,0.025 0.105 0.05 0.675 0.125 0.02,2.0496323108673096
200,0.115 0.22 0.05 0.12 0.095 0.4,1.7039854526519775
201,0.35 0.045 0.085 0.14 0.335 0.045,1.8211537599563599
202,0.14 0.01 0.21 0.115 0.145 0.38,1.73172128200531
203,0.15 0.24 0.16 0.425 0.015 0.01,1.9033377170562744
204,0.14 0.005 0.485 0.04 0.19 0.14,1.8165428638458252
205,0.16 0.205 0.085 0.435 0.08 0.035,1.9083598852157593
206,0.535 0.035 0.175 0.25 0.005 0.0,1.8336572647094727
207,0.045 0.42 0.06 0.41 0.02 0.045,1.905704379081726
208,0.185 0.2 0.07 0.005 0.185 0.355,1.671432375907898
209,0.18 0.03 0.125 0.16 0.35 0.155,1.8158056735992432
210,0.005 0.325 0.285 0.02 0.23 0.135,1.7494558095932007
211,0.23 0.06 0.65 0.025 0.035 0.0,1.835023283958435
212,0.05 0.045 0.06 0.0 0.505 0.34,1.7627536058425903
213,0.235 0.095 0.015 0.395 0.165 0.095,1.8840807676315308
214,0.09 0.17 0.11 0.2 0.21 0.22,1.776612401008606
215,0.28 0.12 0.17 0.105 0.22 0.105,1.777713656425476
216,0.285 0.25 0.285 0.13 0.02 0.03,1.7812575101852417
217,0.0 0.145 0.045 0.015 0.63 0.165,1.8473997116088867
218,0.035 0.01 0.015 0.0 0.635 0.305,1.812099814414978
219,0.11 0.05 0.305 0.52 0.01 0.005,1.9670814275741577
220,0.06 0.045 0.115 0.03 0.225 0.525,1.688900351524353
221,0.305 0.02 0.4 0.015 0.24 0.02,1.8147603273391724
222,0.01 0.115 0.14 0.115 0.095 0.525,1.6967864036560059
223,0.44 0.065 0.34 0.145 0.005 0.005,1.8092752695083618
224,0.005 0.01 0.0 0.02 0.92 0.045,2.0339467525482178
225,0.045 0.055 0.125 0.51 0.13 0.135,1.9409465789794922
226,0.045 0.035 0.045 0.055 0.405 0.415,1.7350181341171265
227,0.03 0.235 0.1 0.185 0.065 0.385,1.7414599657058716
228,0.17 0.04 0.035 0.015 0.315 0.425,1.6941967010498047
229,0.1 0.0 0.06 0.22 0.5 0.12,1.885406255722046
230,0.17 0.115 0.195 0.175 0.095 0.25,1.7569228410720825
231,0.355 0.07 0.16 0.06 0.03 0.325,1.6977680921554565
232,0.055 0.045 0.315 0.29 0.05 0.245,1.8263832330703735
233,0.015 0.105 0.105 0.18 0.145 0.45,1.7314621210098267
234,0.26 0.025 0.25 0.355 0.08 0.03,1.8793644905090332
235,0.08 0.24 0.26 0.155 0.25 0.015,1.8286017179489136
236,0.025 0.205 0.05 0.065 0.475 0.18,1.787300705909729
237,0.015 0.125 0.075 0.045 0.255 0.485,1.6880496740341187
238,0.23 0.125 0.225 0.32 0.005 0.095,1.8327940702438354
239,0.01 0.145 0.02 0.035 0.55 0.24,1.7909713983535767
240,0.12 0.07 0.08 0.245 0.215 0.27,1.7830326557159424
241,0.01 0.055 0.01 0.005 0.17 0.75,1.638968825340271
242,0.295 0.185 0.175 0.23 0.03 0.085,1.8033219575881958
243,0.12 0.02 0.35 0.15 0.29 0.07,1.854459285736084
244,0.1 0.005 0.095 0.025 0.105 0.67,1.6553999185562134
245,0.07 0.36 0.08 0.2 0.005 0.285,1.7610241174697876
246,0.46 0.075 0.01 0.165 0.205 0.085,1.7988970279693604
247,0.185 0.22 0.01 0.095 0.145 0.345,1.7045599222183228
248,0.125 0.125 0.14 0.45 0.045 0.115,1.8990411758422852
249,0.08 0.055 0.14 0.0 0.25 0.475,1.6927776336669922
250,0.04 0.19 0.3 0.47 0.0 0.0,1.9525048732757568
251,0.025 0.005 0.72 0.08 0.055 0.115,1.8989697694778442
252,0.255 0.095 0.09 0.36 0.045 0.155,1.8371201753616333
253,0.425 0.08 0.13 0.335 0.03 0.0,1.8604274988174438
254,0.05 0.055 0.595 0.05 0.12 0.13,1.8430118560791016
255,0.21 0.185 0.425 0.02 0.02 0.14,1.7445363998413086
256,0.185 0.17 0.005 0.125 0.045 0.47,1.6841295957565308
257,0.015 0.54 0.22 0.065 0.03 0.13,1.7443424463272095
258,0.065 0.0 0.035 0.125 0.215 0.56,1.7016037702560425
259,0.05 0.055 0.18 0.33 0.14 0.245,1.8386965990066528
260,0.04 0.035 0.25 0.61 0.0 0.065,2.0005011558532715
261,0.015 0.08 0.185 0.21 0.115 0.395,1.758866310119629
262,0.225 0.055 0.02 0.22 0.075 0.405,1.7317314147949219
263,0.085 0.84 0.005 0.03 0.04 0.0,1.8092836141586304
264,0.365 0.44 0.075 0.07 0.05 0.0,1.7688430547714233
265,0.095 0.73 0.14 0.035 0.0 0.0,1.7590774297714233
266,0.005 0.11 0.23 0.185 0.13 0.34,1.7631007432937622
267,0.24 0.2 0.065 0.115 0.045 0.335,1.707719087600708
268,0.165 0.0 0.505 0.13 0.07 0.13,1.8189871311187744
269,0.065 0.14 0.02 0.325 0.165 0.285,1.8128408193588257
270,0.025 0.0 0.285 0.125 0.265 0.3,1.8016366958618164
271,0.235 0.045 0.0 0.185 0.195 0.34,1.7401745319366455
272,0.01 0.09 0.07 0.01 0.475 0.345,1.7522554397583008
273,0.0 0.22 0.415 0.155 0.125 0.085,1.822924017906189
274,0.02 0.215 0.165 0.065 0.04 0.495,1.6820504665374756
275,0.0 0.56 0.14 0.035 0.02 0.245,1.7122167348861694
276,0.06 0.245 0.2 0.155 0.0 0.34,1.7408584356307983
277,0.085 0.015 0.11 0.07 0.63 0.09,1.9053047895431519
278,0.0 0.195 0.0 0.405 0.24 0.16,1.8923816680908203
279,0.05 0.105 0.495 0.345 0.0 0.005,1.9154977798461914
280,0.82 0.18 0.0 0.0 0.0 0.0,1.7887057065963745
281,0.245 0.225 0.11 0.27 0.135 0.015,1.843570351600647
282,0.155 0.125 0.26 0.22 0.135 0.105,1.813313364982605
283,0.065 0.13 0.085 0.445 0.245 0.03,1.9432355165481567
284,0.295 0.125 0.025 0.04 0.26 0.255,1.718982458114624
285,0.15 0.325 0.315 0.095 0.065 0.05,1.7723702192306519
286,0.175 0.025 0.17 0.11 0.225 0.295,1.7473037242889404
287,0.195 0.005 0.17 0.035 0.13 0.465,1.6840707063674927
288,0.025 0.06 0.005 0.15 0.7 0.06,1.944599986076355
289,0.165 0.155 0.12 0.21 0.12 0.23,1.7709288597106934
290,0.04 0.335 0.255 0.055 0.2 0.115,1.7582770586013794
291,0.105 0.055 0.09 0.27 0.13 0.35,1.7739933729171753
292,0.07 0.105 0.005 0.095 0.28 0.445,1.6950907707214355
293,0.03 0.1 0.055 0.05 0.115 0.65,1.6532546281814575
294,0.145 0.21 0.035 0.005 0.29 0.315,1.69490385055542
295,0.02 0.035 0.01 0.105 0.36 0.47,1.7241488695144653
296,0.08 0.17 0.05 0.175 0.405 0.12,1.8270877599716187
297,0.545 0.18 0.01 0.115 0.095 0.055,1.7760491371154785
298,0.1 0.3 0.14 0.25 0.2 0.01,1.8509753942489624
299,0.015 0.3 0.125 0.025 0.405 0.13,1.7733690738677979
300,0.33 0.25 0.045 0.045 0.155 0.175,1.7255233526229858
301,0.22 0.08 0.27 0.21 0.005 0.215,1.7764710187911987
302,0.2 0.015 0.065 0.045 0.485 0.19,1.7976899147033691
303,0.27 0.03 0.59 0.015 0.075 0.02,1.8210327625274658
304,0.095 0.09 0.11 0.05 0.575 0.08,1.869295358657837
305,0.135 0.0 0.035 0.125 0.385 0.32,1.7635688781738281
306,0.12 0.05 0.12 0.16 0.12 0.43,1.7192827463150024
307,0.25 0.065 0.285 0.01 0.375 0.015,1.8235934972763062
308,0.015 0.16 0.295 0.015 0.23 0.285,1.7417346239089966
309,0.115 0.72 0.02 0.095 0.005 0.045,1.7799190282821655
310,0.22 0.16 0.255 0.0 0.205 0.16,1.7407138347625732
311,0.19 0.025 0.015 0.075 0.155 0.54,1.6616028547286987
312,0.35 0.19 0.15 0.205 0.05 0.055,1.8025920391082764
313,0.155 0.08 0.005 0.735 0.0 0.025,2.040703058242798
314,0.0 0.345 0.085 0.055 0.25 0.265,1.7225970029830933
315,0.11 0.16 0.11 0.31 0.005 0.305,1.797181487083435
316,0.24 0.095 0.15 0.105 0.02 0.39,1.6972929239273071
317,0.1 0.35 0.06 0.015 0.245 0.23,1.7100670337677002
318,0.01 0.21 0.03 0.47 0.27 0.01,1.968430757522583
319,0.035 0.105 0.04 0.075 0.17 0.575,1.6699193716049194
320,0.145 0.51 0.145 0.105 0.025 0.07,1.760735273361206
321,0.3 0.085 0.395 0.19 0.01 0.02,1.815128207206726
322,0.16 0.07 0.015 0.11 0.03 0.615,1.6560970544815063
323,0.005 0.415 0.045 0.065 0.26 0.21,1.7387648820877075
324,0.265 0.045 0.425 0.165 0.09 0.01,1.8262590169906616
325,0.08 0.26 0.065 0.58 0.01 0.005,1.9912337064743042
326,0.215 0.08 0.19 0.505 0.01 0.0,1.939648985862732
327,0.36 0.015 0.015 0.125 0.235 0.25,1.7466096878051758
328,0.135 0.03 0.325 0.015 0.27 0.225,1.7670007944107056
329,0.015 0.045 0.06 0.045 0.315 0.52,1.7043229341506958
330,0.175 0.03 0.235 0.09 0.13 0.34,1.7293288707733154
331,0.1 0.055 0.07 0.165 0.185 0.425,1.7204259634017944
332,0.145 0.01 0.1 0.4 0.22 0.125,1.8933494091033936
333,0.675 0.055 0.025 0.045 0.09 0.11,1.7602638006210327
334,0.08 0.385 0.51 0.01 0.0 0.015,1.7685664892196655
335,0.005 0.335 0.12 0.095 0.2 0.245,1.7411975860595703
336,0.01 0.125 0.185 0.525 0.065 0.09,1.9606757164001465
337,0.035 0.09 0.535 0.1 0.03 0.21,1.8001883029937744
338,0.06 0.055 0.065 0.15 0.365 0.305,1.7708513736724854
339,0.57 0.045 0.015 0.055 0.045 0.27,1.7184114456176758
340,0.435 0.045 0.17 0.315 0.0 0.035,1.8435049057006836
341,0.005 0.025 0.08 0.075 0.4 0.415,1.7519828081130981
342,0.025 0.315 0.375 0.185 0.04 0.06,1.8165333271026611
343,0.265 0.115 0.045 0.055 0.08 0.44,1.6663600206375122
344,0.14 0.25 0.205 0.025 0.135 0.245,1.7056305408477783
345,0.005 0.015 0.15 0.175 0.21 0.445,1.7537860870361328
346,0.1 0.03 0.5 0.13 0.045 0.195,1.8055671453475952
347,0.14 0.27 0.5 0.09 0.0 0.0,1.79829740524292
348,0.07 0.125 0.13 0.34 0.14 0.195,1.8465455770492554
349,0.025 0.11 0.01 0.19 0.545 0.12,1.8728293180465698
350,0.19 0.075 0.305 0.375 0.045 0.01,1.892534613609314
351,0.04 0.51 0.23 0.075 0.045 0.1,1.753822684288025
352,0.01 0.0 0.185 0.055 0.655 0.095,1.9497915506362915
353,0.055 0.02 0.655 0.025 0.055 0.19,1.842245101928711
354,0.02 0.115 0.175 0.095 0.53 0.065,1.8842130899429321
355,0.125 0.11 0.05 0.115 0.035 0.565,1.6717346906661987
356,0.19 0.12 0.235 0.03 0.18 0.245,1.7275415658950806
357,0.025 0.18 0.09 0.09 0.085 0.53,1.6782206296920776
358,0.095 0.105 0.575 0.07 0.13 0.025,1.8499503135681152
359,0.335 0.04 0.16 0.07 0.36 0.035,1.8179237842559814
360,0.0 0.05 0.385 0.035 0.245 0.285,1.7960906028747559
361,0.01 0.335 0.08 0.125 0.03 0.42,1.7093658447265625
362,0.045 0.1 0.005 0.05 0.29 0.51,1.677902340888977
363,0.45 0.155 0.28 0.025 0.05 0.04,1.7628812789916992
364,0.04 0.04 0.025 0.34 0.095 0.46,1.7805331945419312
365,0.04 0.025 0.245 0.195 0.065 0.43,1.7539631128311157
366,0.14 0.055 0.165 0.285 0.135 0.22,1.809195637702942
367,0.05 0.06 0.06 0.43 0.25 0.15,1.9073249101638794
368,0.785 0.045 0.06 0.085 0.01 0.015,1.8062913417816162
369,0.095 0.08 0.07 0.155 0.19 0.41,1.7198452949523926
370,0.015 0.04 0.225 0.0 0.345 0.375,1.7541552782058716
371,0.19 0.1 0.0 0.51 0.025 0.175,1.895885705947876
372,0.22 0.125 0.095 0.095 0.04 0.425,1.6852227449417114
373,0.55 0.325 0.005 0.11 0.01 0.0,1.782677173614502
374,0.43 0.21 0.085 0.19 0.03 0.055,1.7963188886642456
375,0.55 0.25 0.045 0.125 0.01 0.02,1.7818268537521362
376,0.105 0.19 0.22 0.285 0.13 0.07,1.8474937677383423
377,0.21 0.225 0.015 0.215 0.0 0.335,1.7413952350616455
378,0.1 0.18 0.385 0.045 0.255 0.035,1.8046659231185913
379,0.06 0.08 0.23 0.0 0.5 0.13,1.8384958505630493
380,0.44 0.04 0.155 0.2 0.11 0.055,1.8128525018692017
381,0.005 0.285 0.115 0.47 0.095 0.03,1.9534566402435303
382,0.16 0.06 0.16 0.1 0.515 0.005,1.8889896869659424
383,0.125 0.18 0.265 0.15 0.215 0.065,1.8065671920776367
384,0.03 0.31 0.18 0.28 0.0 0.2,1.815980315208435
385,0.085 0.03 0.295 0.24 0.01 0.34,1.7804368734359741
386,0.04 0.155 0.05 0.025 0.055 0.675,1.6300548315048218
387,0.4 0.09 0.14 0.11 0.065 0.195,1.7409958839416504
388,0.465 0.14 0.09 0.24 0.005 0.06,1.8112157583236694
389,0.185 0.225 0.07 0.03 0.215 0.275,1.7020047903060913
390,0.1 0.1 0.355 0.04 0.085 0.32,1.7320486307144165
391,0.06 0.015 0.47 0.085 0.1 0.27,1.7959061861038208
392,0.23 0.195 0.135 0.11 0.15 0.18,1.7482749223709106
393,0.255 0.175 0.025 0.03 0.285 0.23,1.722354769706726
394,0.185 0.05 0.045 0.26 0.085 0.375,1.7547311782836914
395,0.205 0.025 0.11 0.39 0.215 0.055,1.905659556388855
396,0.135 0.6 0.035 0.03 0.185 0.015,1.7795459032058716
397,0.03 0.205 0.315 0.38 0.045 0.025,1.9092103242874146
398,0.0 0.045 0.005 0.055 0.175 0.72,1.6572924852371216
399,0.41 0.175 0.03 0.005 0.08 0.3,1.6808737516403198
400,0.08 0.01 0.135 0.085 0.18 0.51,1.7055383920669556
401,0.17 0.125 0.255 0.06 0.025 0.365,1.699702501296997
402,0.805 0.165 0.03 0.0 0.0 0.0,1.786941647529602
403,0.365 0.165 0.035 0.295 0.0 0.14,1.8139419555664062
404,0.02 0.125 0.56 0.07 0.215 0.01,1.8815058469772339
405,0.045 0.255 0.265 0.0 0.055 0.38,1.6859079599380493
406,0.0 0.335 0.065 0.51 0.07 0.02,1.9746900796890259
407,0.16 0.37 0.045 0.02 0.405 0.0,1.8174020051956177
408,0.035 0.075 0.41 0.175 0.235 0.07,1.8705557584762573
409,0.03 0.035 0.005 0.195 0.265 0.47,1.7310007810592651
410,0.085 0.095 0.08 0.195 0.455 0.09,1.8624062538146973
411,0.14 0.09 0.48 0.27 0.01 0.01,1.8726491928100586
412,0.14 0.315 0.025 0.12 0.37 0.03,1.8213400840759277
413,0.03 0.01 0.575 0.0 0.11 0.275,1.8209954500198364
414,0.1 0.105 0.07 0.155 0.22 0.35,1.7304012775421143
415,0.305 0.045 0.37 0.03 0.04 0.21,1.7436162233352661
416,0.28 0.09 0.185 0.135 0.195 0.115,1.7836507558822632
417,0.16 0.225 0.26 0.285 0.015 0.055,1.8345448970794678
418,0.055 0.005 0.055 0.28 0.095 0.51,1.7508418560028076
419,0.085 0.12 0.39 0.075 0.09 0.24,1.7613520622253418
420,0.06 0.355 0.015 0.43 0.065 0.075,1.903867483139038
421,0.135 0.05 0.24 0.12 0.38 0.075,1.844853401184082
422,0.005 0.28 0.385 0.055 0.18 0.095,1.7809685468673706
423,0.005 0.035 0.175 0.18 0.005 0.6,1.7160283327102661
424,0.045 0.045 0.1 0.135 0.21 0.465,1.7215291261672974
425,0.04 0.1 0.125 0.495 0.205 0.035,1.963293433189392
426,0.015 0.1 0.22 0.015 0.035 0.615,1.679856538772583
427,0.015 0.14 0.14 0.125 0.13 0.45,1.712524175643921
428,0.05 0.075 0.435 0.305 0.135 0.0,1.9121283292770386
429,0.315 0.1 0.2 0.01 0.165 0.21,1.7264853715896606
430,0.185 0.035 0.125 0.175 0.385 0.095,1.8450253009796143
431,0.03 0.005 0.125 0.235 0.435 0.17,1.871322512626648
432,0.14 0.04 0.33 0.02 0.05 0.42,1.7063442468643188
433,0.035 0.085 0.16 0.34 0.205 0.175,1.8640779256820679
434,0.59 0.005 0.03 0.17 0.11 0.095,1.7929359674453735
435,0.01 0.14 0.3 0.37 0.03 0.15,1.8818734884262085
436,0.535 0.19 0.195 0.005 0.035 0.04,1.7530924081802368
437,0.125 0.175 0.17 0.12 0.105 0.305,1.7287472486495972
438,0.005 0.16 0.025 0.265 0.425 0.12,1.8703056573867798
439,0.08 0.505 0.3 0.07 0.005 0.04,1.7606438398361206
440,0.04 0.11 0.09 0.345 0.22 0.195,1.8571405410766602
441,0.265 0.045 0.11 0.525 0.025 0.03,1.9399529695510864
442,0.24 0.11 0.135 0.505 0.01 0.0,1.937190294265747
443,0.425 0.015 0.44 0.055 0.035 0.03,1.8044801950454712
444,0.105 0.22 0.22 0.14 0.31 0.005,1.8346370458602905
445,0.065 0.0 0.08 0.08 0.335 0.44,1.7311400175094604
446,0.02 0.575 0.35 0.005 0.035 0.015,1.7511361837387085
447,0.005 0.005 0.185 0.025 0.12 0.66,1.6891881227493286
448,0.095 0.16 0.23 0.24 0.07 0.205,1.7984834909439087
449,0.13 0.17 0.055 0.22 0.28 0.145,1.8136066198349
450,0.01 0.105 0.085 0.065 0.07 0.665,1.6592477560043335
451,0.16 0.21 0.15 0.13 0.09 0.26,1.735514760017395
452,0.0 0.02 0.025 0.08 0.185 0.69,1.6756302118301392
453,0.015 0.275 0.045 0.3 0.075 0.29,1.8039696216583252
454,0.1 0.26 0.1 0.105 0.035 0.4,1.7016328573226929
455,0.02 0.13 0.475 0.0 0.0 0.375,1.7411234378814697
456,0.1 0.355 0.43 0.05 0.06 0.005,1.7797003984451294
457,0.045 0.145 0.2 0.225 0.175 0.21,1.8001385927200317
458,0.04 0.155 0.0 0.045 0.18 0.58,1.647639513015747
459,0.005 0.02 0.015 0.315 0.355 0.29,1.8325518369674683
460,0.02 0.17 0.28 0.415 0.065 0.05,1.9216762781143188
461,0.16 0.105 0.07 0.115 0.52 0.03,1.870963215827942
462,0.06 0.145 0.055 0.305 0.315 0.12,1.8668986558914185
463,0.0 0.6 0.29 0.11 0.0 0.0,1.7936798334121704
464,0.265 0.56 0.09 0.075 0.0 0.01,1.7628895044326782
465,0.28 0.03 0.025 0.565 0.01 0.09,1.9382524490356445
466,0.095 0.075 0.16 0.0 0.36 0.31,1.7346667051315308
467,0.35 0.115 0.17 0.035 0.045 0.285,1.6976146697998047
468,0.265 0.0 0.185 0.05 0.315 0.185,1.7777563333511353
469,0.005 0.51 0.005 0.465 0.015 0.0,1.9625214338302612
470,0.22 0.4 0.065 0.045 0.1 0.17,1.7245367765426636
471,0.04 0.155 0.165 0.21 0.075 0.355,1.7616785764694214
472,0.115 0.115 0.54 0.005 0.205 0.02,1.8337451219558716
473,0.055 0.415 0.115 0.26 0.07 0.085,1.8273372650146484
474,0.075 0.12 0.105 0.075 0.005 0.62,1.6550410985946655
475,0.025 0.065 0.39 0.185 0.05 0.285,1.7880538702011108
476,0.12 0.235 0.06 0.035 0.35 0.2,1.7406154870986938
477,0.14 0.195 0.15 0.13 0.14 0.245,1.740456223487854
478,0.285 0.03 0.355 0.045 0.0 0.285,1.7319287061691284
479,0.02 0.055 0.005 0.22 0.515 0.185,1.8631248474121094
480,0.09 0.285 0.05 0.28 0.135 0.16,1.8172277212142944
481,0.435 0.085 0.15 0.005 0.135 0.19,1.7261111736297607
482,0.28 0.44 0.04 0.19 0.04 0.01,1.8101366758346558
483,0.085 0.085 0.065 0.04 0.3 0.425,1.6959012746810913
484,0.31 0.365 0.005 0.295 0.02 0.005,1.8479747772216797
485,0.155 0.14 0.155 0.28 0.2 0.07,1.8521257638931274
486,0.18 0.01 0.105 0.64 0.02 0.045,1.9910651445388794
487,0.09 0.375 0.26 0.115 0.145 0.015,1.79171621799469
488,0.055 0.03 0.215 0.095 0.02 0.585,1.6973761320114136
489,0.055 0.11 0.08 0.0 0.085 0.67,1.6358144283294678
490,0.075 0.37 0.07 0.18 0.255 0.05,1.8172041177749634
491,0.23 0.045 0.215 0.005 0.315 0.19,1.7640047073364258
492,0.045 0.035 0.06 0.34 0.24 0.28,1.8344273567199707
493,0.365 0.03 0.035 0.145 0.325 0.1,1.8039172887802124
494,0.75 0.065 0.18 0.0 0.005 0.0,1.7867666482925415
495,0.06 0.18 0.085 0.155 0.315 0.205,1.7788552045822144
496,0.095 0.055 0.0 0.48 0.01 0.36,1.8493852615356445
497,0.145 0.55 0.245 0.04 0.02 0.0,1.7492653131484985
498,0.015 0.07 0.21 0.2 0.065 0.44,1.748268485069275
499,0.245 0.35 0.055 0.205 0.06 0.085,1.7999844551086426
500,0.155 0.05 0.33 0.065 0.025 0.375,1.7200102806091309
501,0.05 0.03 0.13 0.025 0.375 0.39,1.739538550376892
502,0.25 0.215 0.08 0.08 0.035 0.34,1.694623351097107
503,0.055 0.095 0.06 0.72 0.01 0.06,2.0469374656677246
504,0.225 0.12 0.285 0.2 0.03 0.14,1.7869435548782349
505,0.075 0.05 0.165 0.025 0.425 0.26,1.7743626832962036
506,0.035 0.08 0.205 0.495 0.15 0.035,1.9647396802902222
507,0.16 0.365 0.15 0.18 0.015 0.13,1.7778812646865845
508,0.325 0.02 0.26 0.11 0.19 0.095,1.7963415384292603
509,0.05 0.12 0.02 0.035 0.385 0.39,1.7107502222061157
510,0.01 0.065 0.05 0.195 0.225 0.455,1.7349406480789185
511,0.44 0.035 0.075 0.31 0.04 0.1,1.8300634622573853
512,0.065 0.26 0.195 0.04 0.29 0.15,1.7513424158096313
513,0.14 0.025 0.215 0.485 0.025 0.11,1.919925332069397
514,0.115 0.215 0.125 0.04 0.05 0.455,1.6688650846481323
515,0.305 0.24 0.235 0.05 0.07 0.1,1.7426055669784546
516,0.14 0.0 0.115 0.215 0.35 0.18,1.8314708471298218
517,0.315 0.17 0.075 0.18 0.075 0.185,1.7668075561523438
518,0.055 0.03 0.01 0.16 0.12 0.625,1.6861791610717773
519,0.11 0.085 0.085 0.37 0.065 0.285,1.824774980545044
520,0.09 0.1 0.055 0.035 0.335 0.385,1.7072287797927856
521,0.01 0.12 0.025 0.29 0.06 0.495,1.7577959299087524
522,0.165 0.005 0.305 0.155 0.125 0.245,1.777574896812439
523,0.0 0.235 0.045 0.58 0.08 0.06,1.995774507522583
524,0.03 0.17 0.045 0.755 0.0 0.0,2.0888431072235107
525,0.015 0.28 0.25 0.075 0.09 0.29,1.7268701791763306
526,0.055 0.115 0.175 0.17 0.065 0.42,1.7341490983963013
527,0.17 0.185 0.21 0.19 0.01 0.235,1.7652963399887085
528,0.035 0.15 0.005 0.035 0.08 0.695,1.6241354942321777
529,0.175 0.22 0.105 0.02 0.085 0.395,1.6657955646514893
530,0.055 0.0 0.51 0.095 0.045 0.295,1.7983020544052124
531,0.03 0.115 0.1 0.67 0.025 0.06,2.030623435974121
532,0.125 0.025 0.065 0.28 0.205 0.3,1.7895848751068115
533,0.175 0.16 0.01 0.035 0.405 0.215,1.75019109249115
534,0.07 0.19 0.22 0.155 0.15 0.215,1.7668753862380981
535,0.34 0.065 0.1 0.225 0.13 0.14,1.7976406812667847
536,0.425 0.075 0.01 0.47 0.015 0.005,1.9110270738601685
537,0.0 0.02 0.09 0.02 0.51 0.36,1.7826623916625977
538,0.14 0.135 0.01 0.255 0.045 0.415,1.7463736534118652
539,0.17 0.14 0.3 0.04 0.23 0.12,1.7707679271697998
540,0.01 0.08 0.185 0.36 0.095 0.27,1.8491299152374268
541,0.06 0.03 0.345 0.04 0.375 0.15,1.8379582166671753
542,0.2 0.65 0.1 0.015 0.035 0.0,1.7487534284591675
543,0.23 0.1 0.01 0.225 0.035 0.4,1.7320115566253662
544,0.235 0.055 0.105 0.545 0.0 0.06,1.9387011528015137
545,0.13 0.15 0.44 0.135 0.115 0.03,1.8197203874588013
546,0.54 0.09 0.105 0.25 0.0 0.015,1.8239351511001587
547,0.0 0.105 0.09 0.2 0.135 0.47,1.7353638410568237
548,0.025 0.14 0.055 0.34 0.215 0.225,1.8463014364242554
549,0.065 0.035 0.205 0.09 0.025 0.58,1.6930791139602661
550,0.02 0.11 0.16 0.295 0.23 0.185,1.844565510749817
551,0.055 0.115 0.05 0.35 0.42 0.01,1.9393866062164307
552,0.155 0.755 0.015 0.05 0.005 0.02,1.7757608890533447
553,0.035 0.06 0.03 0.82 0.005 0.05,2.099010705947876
554,0.08 0.435 0.08 0.07 0.325 0.01,1.8092336654663086
555,0.045 0.065 0.145 0.52 0.025 0.2,1.9223576784133911
556,0.1 0.29 0.355 0.15 0.035 0.07,1.7945314645767212
557,0.22 0.115 0.115 0.065 0.2 0.285,1.717515468597412
558,0.035 0.005 0.61 0.035 0.13 0.185,1.8541444540023804
559,0.205 0.025 0.045 0.02 0.015 0.69,1.621665596961975
560,0.365 0.425 0.035 0.115 0.04 0.02,1.7805196046829224
561,0.265 0.02 0.235 0.3 0.12 0.06,1.8555536270141602
562,0.085 0.11 0.08 0.09 0.2 0.435,1.6969728469848633
563,0.22 0.145 0.285 0.315 0.01 0.025,1.8503684997558594
564,0.015 0.095 0.035 0.005 0.005 0.845,1.622801423072815
565,0.045 0.17 0.22 0.105 0.16 0.3,1.736628770828247
566,0.065 0.045 0.015 0.01 0.45 0.415,1.7288457155227661
567,0.23 0.105 0.15 0.225 0.285 0.005,1.8630353212356567
568,0.01 0.08 0.065 0.24 0.31 0.295,1.795295000076294
569,0.165 0.005 0.295 0.08 0.16 0.295,1.7525737285614014
570,0.185 0.0 0.2 0.25 0.06 0.305,1.775206446647644
571,0.145 0.19 0.18 0.165 0.23 0.09,1.802808403968811
572,0.12 0.15 0.07 0.075 0.245 0.34,1.706950306892395
573,0.035 0.135 0.035 0.57 0.215 0.01,2.0060184001922607
574,0.58 0.32 0.09 0.0 0.0 0.01,1.7501308917999268
575,0.39 0.27 0.01 0.11 0.2 0.02,1.794311285018921
576,0.15 0.075 0.15 0.11 0.5 0.015,1.8804893493652344
577,0.265 0.13 0.22 0.04 0.195 0.15,1.7502740621566772
578,0.005 0.025 0.0 0.075 0.015 0.88,1.639848232269287
579,0.26 0.025 0.24 0.07 0.095 0.31,1.7205709218978882
580,0.36 0.235 0.085 0.235 0.055 0.03,1.8208438158035278
581,0.19 0.26 0.32 0.155 0.02 0.055,1.7882063388824463
582,0.025 0.345 0.07 0.345 0.19 0.025,1.8938161134719849
583,0.03 0.06 0.145 0.22 0.07 0.475,1.743290901184082
584,0.0 0.135 0.475 0.065 0.275 0.05,1.86505925655365
585,0.035 0.045 0.145 0.19 0.085 0.5,1.7293999195098877
586,0.235 0.23 0.025 0.21 0.065 0.235,1.7673839330673218
587,0.035 0.23 0.025 0.025 0.615 0.07,1.868609070777893
588,0.34 0.04 0.355 0.06 0.14 0.065,1.791502833366394
589,0.14 0.335 0.0 0.07 0.045 0.41,1.6772960424423218
590,0.03 0.47 0.085 0.295 0.045 0.075,1.8488341569900513
591,0.43 0.34 0.065 0.07 0.09 0.005,1.7706462144851685
592,0.06 0.27 0.205 0.14 0.115 0.21,1.7610450983047485
593,0.3 0.63 0.07 0.0 0.0 0.0,1.7454997301101685
594,0.15 0.335 0.355 0.055 0.0 0.105,1.7464245557785034
595,0.015 0.03 0.76 0.06 0.035 0.1,1.9026893377304077
596,0.35 0.05 0.125 0.465 0.01 0.0,1.9152969121932983
597,0.105 0.175 0.285 0.145 0.045 0.245,1.7578943967819214
598,0.035 0.785 0.17 0.005 0.005 0.0,1.7712942361831665
599,0.165 0.155 0.205 0.0 0.125 0.35,1.6851433515548706
600,0.175 0.075 0.085 0.015 0.245 0.405,1.6883708238601685
601,0.04 0.165 0.315 0.085 0.26 0.135,1.7943588495254517
602,0.085 0.03 0.23 0.51 0.145 0.0,1.9743342399597168
603,0.055 0.09 0.26 0.2 0.33 0.065,1.8619129657745361
604,0.01 0.145 0.155 0.24 0.155 0.295,1.7882128953933716
605,0.135 0.315 0.05 0.22 0.115 0.165,1.7924188375473022
606,0.02 0.08 0.2 0.115 0.465 0.12,1.8554202318191528
607,0.21 0.02 0.035 0.13 0.045 0.56,1.6712920665740967
608,0.175 0.295 0.065 0.345 0.065 0.055,1.858311653137207
609,0.04 0.87 0.085 0.0 0.0 0.005,1.7951301336288452
610,0.12 0.18 0.07 0.615 0.01 0.005,1.998580813407898
611,0.15 0.11 0.16 0.245 0.025 0.31,1.7720537185668945
612,0.225 0.135 0.2 0.195 0.105 0.14,1.7859147787094116
613,0.795 0.01 0.045 0.045 0.085 0.02,1.7986936569213867
614,0.135 0.09 0.075 0.035 0.34 0.325,1.72496497631073
615,0.01 0.05 0.405 0.295 0.13 0.11,1.88494074344635
616,0.115 0.04 0.055 0.155 0.205 0.43,1.715915322303772
617,0.05 0.1 0.235 0.345 0.05 0.22,1.8481436967849731
618,0.105 0.32 0.385 0.14 0.01 0.04,1.7967106103897095
619,0.075 0.14 0.01 0.09 0.245 0.44,1.6891371011734009
620,0.115 0.015 0.335 0.29 0.205 0.04,1.8889210224151611
621,0.175 0.135 0.305 0.07 0.155 0.16,1.7583198547363281
622,0.03 0.135 0.11 0.185 0.12 0.42,1.7376090288162231
623,0.225 0.075 0.26 0.155 0.195 0.09,1.802183985710144
624,0.095 0.005 0.205 0.22 0.265 0.21,1.818608283996582
625,0.12 0.025 0.005 0.245 0.015 0.59,1.712279200553894
626,0.115 0.005 0.07 0.135 0.26 0.415,1.724007487297058
627,0.015 0.0 0.4 0.095 0.375 0.115,1.8993417024612427
628,0.035 0.215 0.045 0.085 0.135 0.485,1.6806567907333374
629,0.195 0.195 0.165 0.42 0.025 0.0,1.9022260904312134
630,0.14 0.105 0.215 0.245 0.165 0.13,1.8188554048538208
631,0.355 0.03 0.1 0.095 0.12 0.3,1.7160930633544922
632,0.015 0.02 0.14 0.1 0.235 0.49,1.7283014059066772
633,0.285 0.01 0.035 0.02 0.225 0.425,1.6835139989852905
634,0.16 0.345 0.18 0.165 0.06 0.09,1.782547950744629
635,0.15 0.085 0.26 0.39 0.065 0.05,1.8929171562194824
636,0.185 0.26 0.54 0.015 0.0 0.0,1.7752548456192017
637,0.055 0.54 0.045 0.21 0.02 0.13,1.7949470281600952
638,0.185 0.335 0.185 0.02 0.245 0.03,1.7681026458740234
639,0.28 0.325 0.145 0.03 0.085 0.135,1.7236689329147339
640,0.3 0.065 0.25 0.075 0.145 0.165,1.7582098245620728
641,0.18 0.14 0.025 0.335 0.145 0.175,1.8356760740280151
642,0.36 0.255 0.045 0.01 0.045 0.285,1.6817024946212769
643,0.16 0.11 0.22 0.205 0.015 0.29,1.7633715867996216
644,0.125 0.18 0.005 0.03 0.38 0.28,1.7266507148742676
645,0.21 0.15 0.005 0.1 0.275 0.26,1.736464262008667
646,0.12 0.06 0.175 0.06 0.425 0.16,1.8061989545822144
647,0.375 0.005 0.265 0.09 0.05 0.215,1.7492313385009766
648,0.255 0.275 0.235 0.02 0.185 0.03,1.7619839906692505
649,0.09 0.09 0.25 0.05 0.32 0.2,1.7726643085479736
650,0.185 0.26 0.075 0.16 0.05 0.27,1.7395524978637695
651,0.62 0.2 0.08 0.095 0.005 0.0,1.783934473991394
652,0.3 0.07 0.01 0.055 0.145 0.42,1.67262864112854
653,0.055 0.12 0.03 0.67 0.03 0.095,2.0123746395111084
654,0.255 0.125 0.05 0.02 0.34 0.21,1.7422081232070923
655,0.075 0.24 0.02 0.01 0.325 0.33,1.6951262950897217
656,0.295 0.245 0.34 0.02 0.09 0.01,1.762088418006897
657,0.135 0.035 0.085 0.165 0.215 0.365,1.7322171926498413
658,0.06 0.115 0.2 0.13 0.115 0.38,1.7285925149917603
659,0.07 0.4 0.145 0.01 0.33 0.045,1.7815195322036743
660,0.025 0.125 0.075 0.305 0.035 0.435,1.7767583131790161
661,0.115 0.29 0.14 0.425 0.015 0.015,1.9064615964889526
662,0.085 0.16 0.1 0.06 0.41 0.185,1.7751137018203735
663,0.095 0.06 0.105 0.285 0.28 0.175,1.8409737348556519
664,0.23 0.075 0.04 0.07 0.045 0.54,1.6518961191177368
665,0.195 0.12 0.06 0.08 0.525 0.02,1.8632572889328003
666,0.01 0.075 0.38 0.11 0.235 0.19,1.8206106424331665
667,0.12 0.105 0.115 0.08 0.045 0.535,1.6697648763656616
668,0.395 0.125 0.06 0.0 0.155 0.265,1.6916152238845825
669,0.275 0.145 0.045 0.53 0.005 0.0,1.9439427852630615
670,0.0 0.29 0.155 0.55 0.0 0.005,1.9970732927322388
671,0.22 0.09 0.095 0.14 0.37 0.085,1.82046639919281
672,0.03 0.045 0.065 0.015 0.28 0.565,1.6831611394882202
673,0.03 0.215 0.02 0.085 0.06 0.59,1.6595293283462524
674,0.325 0.175 0.075 0.04 0.15 0.235,1.7096949815750122
675,0.03 0.33 0.33 0.29 0.02 0.0,1.8693554401397705
676,0.08 0.245 0.06 0.375 0.205 0.035,1.9021203517913818
677,0.005 0.05 0.335 0.465 0.115 0.03,1.9632186889648438
678,0.06 0.035 0.27 0.18 0.0 0.455,1.738526701927185
679,0.02 0.245 0.36 0.005 0.185 0.185,1.7507423162460327
680,0.16 0.095 0.095 0.355 0.12 0.175,1.8440419435501099
681,0.09 0.745 0.065 0.05 0.035 0.015,1.7754865884780884
682,0.2 0.04 0.205 0.125 0.04 0.39,1.713232159614563
683,0.335 0.22 0.12 0.065 0.005 0.255,1.7066246271133423
684,0.0 0.295 0.3 0.145 0.16 0.1,1.7999212741851807
685,0.02 0.295 0.185 0.145 0.005 0.35,1.7366869449615479
686,0.08 0.22 0.27 0.32 0.08 0.03,1.8736778497695923
687,0.245 0.19 0.055 0.355 0.085 0.07,1.8600391149520874
688,0.045 0.135 0.19 0.14 0.47 0.02,1.8840810060501099
689,0.165 0.165 0.04 0.02 0.06 0.55,1.6354360580444336
690,0.175 0.36 0.135 0.06 0.025 0.245,1.7072862386703491
691,0.01 0.355 0.125 0.405 0.06 0.045,1.914774775505066
692,0.16 0.06 0.105 0.615 0.025 0.035,1.9842102527618408
693,0.11 0.005 0.17 0.045 0.05 0.62,1.6722592115402222
694,0.15 0.055 0.505 0.08 0.095 0.115,1.806760549545288
695,0.175 0.01 0.055 0.16 0.08 0.52,1.6929072141647339
696,0.045 0.28 0.05 0.05 0.54 0.035,1.8546137809753418
697,0.6 0.045 0.11 0.07 0.015 0.16,1.7512599229812622
698,0.255 0.39 0.095 0.045 0.185 0.03,1.7661820650100708
699,0.14 0.025 0.27 0.425 0.015 0.125,1.8942171335220337
700,0.075 0.13 0.48 0.09 0.185 0.04,1.8385916948318481
701,0.175 0.075 0.12 0.18 0.135 0.315,1.7421234846115112
702,0.24 0.035 0.115 0.115 0.11 0.385,1.7036458253860474
703,0.015 0.14 0.53 0.19 0.03 0.095,1.841568112373352
704,0.16 0.02 0.135 0.195 0.305 0.185,1.8111077547073364
705,0.66 0.145 0.155 0.005 0.02 0.015,1.769386887550354
706,0.005 0.055 0.195 0.28 0.465 0.0,1.9438453912734985
707,0.05 0.045 0.03 0.855 0.005 0.015,2.1220057010650635
708,0.01 0.11 0.185 0.105 0.015 0.575,1.6917202472686768
709,0.14 0.14 0.04 0.225 0.07 0.385,1.7431769371032715
710,0.485 0.1 0.09 0.02 0.23 0.075,1.7595142126083374
711,0.1 0.01 0.06 0.135 0.29 0.405,1.7304351329803467
712,0.03 0.065 0.055 0.505 0.19 0.155,1.9364383220672607
713,0.025 0.25 0.16 0.14 0.125 0.3,1.7454267740249634
714,0.09 0.475 0.05 0.015 0.105 0.265,1.6898545026779175
715,0.015 0.015 0.035 0.115 0.05 0.77,1.663059115409851
716,0.32 0.05 0.005 0.175 0.095 0.355,1.7270625829696655
717,0.335 0.285 0.01 0.37 0.0 0.0,1.8740304708480835
718,0.21 0.09 0.14 0.055 0.095 0.41,1.680599331855774
719,0.09 0.13 0.025 0.04 0.02 0.695,1.6211895942687988
720,0.02 0.09 0.665 0.025 0.135 0.065,1.8720972537994385
721,0.0 0.195 0.03 0.745 0.015 0.015,2.089369058609009
722,0.06 0.455 0.195 0.025 0.16 0.105,1.7356599569320679
723,0.8 0.145 0.0 0.015 0.035 0.005,1.7901028394699097
